I = [18.1	18.64	18.8	19.27	18.68]	;
now = [16.2 15.4 16.6 17.4 16.5]